     Kernel     C  Degree  Count of 1s  Precision for 1.0%  Precision for 0.0%
0    linear   0.1     NaN          793            0.528373            0.556782
1    linear   1.0     NaN          851            0.519389            0.554545
2    linear  10.0     NaN          856            0.522196            0.556846
3       rbf   0.1     NaN          621            0.566828            0.563194
4       rbf   1.0     NaN          668            0.571856            0.569993
5       rbf  10.0     NaN          679            0.525773            0.548480
6      poly   0.1     2.0          140            0.507143            0.526288
7      poly   0.1     3.0          172            0.569767            0.532557
8      poly   0.1     4.0           34            0.558824            0.525407
9      poly   1.0     2.0          620            0.487097            0.528799
10     poly   1.0     3.0          421            0.524941            0.536585
11     poly   1.0     4.0          261            0.478927            0.524444
12     poly  10.0     2.0          855            0.490058            0.533997
13     poly  10.0     3.0          725            0.492414            0.532934
14     poly  10.0     4.0          643            0.471229            0.521862
15  sigmoid   0.1     NaN          679            0.575847            0.573082
16  sigmoid   1.0     NaN         1094            0.484461            0.533609
17  sigmoid  10.0     NaN         1050            0.487619            0.536103